111111111111111111111111111111111111111111111111111111111111
100000000000000000000000000000000000000000000000000000000001
108000000000000000000000000000000000000000000000000000000001
100000000000000000000000000000000000000000000000000000000001
100000000000000000000000000000000000000000000000000000000001
100000000000000000000000000000000000000000000000000000000001
100000000000000000700000000000000000000000000000000000000001
100000000000030000000000000000000000000000000000000000000001
100000000000000000000000000000000000000000700000000000000001
100000000000000000000777700000000000000000000000000000000001
100000000111111100000000000000000000000000500000000000000001
100000000100000000000000000000000000000005500000000000000001
100000000100000000000000000000000000000005550000000000000001
100000000100000000000000005000000000000000050000000000000001
100000000000000000000000000000000000000000050000000000000001
100000000000000000000000000000000000000000000000000000000001
100000000007000000000000000000000000000000000000000000000001
100000000000000000000000000000000000000000000000000000000001
100000000000000000000000000000000000000000000000000000000001
111111111111111111111111111111111111111111111111111111111111