111111111111111111111111111111111111111111111111111111111111111111111111111111111111111111111111
166666666666666666666666666666666666666666666666666666666666666666666666666666666666666666666661
166666666666666666666666666666666666666666666666666666666666666666666666666666666666666666666661
166666666666666666666666666666666666666666666666666666666666666666666666666666666666666666666661
166666666666666666666666666666666666666666666666666666666666666666666666666666666666666666666661
166666666666666666666666666666666666666666666666666666666666666666666666666666666666666666666661
166666666666666666666666666666666666666666666666666666666666666666666666666666666666666666666661
166666666666666666666666666666666666666666666666666666666666666666666666666666666666666666666661
166666666666666666666666666666666666666666666666666666666666666666666666666666666666666666666661
166666666666666666666666666666666666666666666666666666666666666666666666666666666666666666666661
166666666666666666666666666666666666666666666666666666666666666666666666666666666666666666666661
166666666666666666666666666666666666666666666666666666666666666666666666666666666666666666666661
166666666666666666666666666666666666666666666666666666666666666666666666666666666666666666666661
166666666666666666666666666666666666666666666666666666666666666666666666666666666666666666666661
166666666666666666666666666666666666666666666666666666666666666666666666666666666666666666666661
166666666666666666666666666666666666666666666666666666666666666666666666666666666666666666666661
166666666666666666666666666666666666666666666666666666666666666666666666666666666666666666666661
166666666666666666666666666666666666666666666666666666666666666666666666666666666666666666666661
166666666666666666666666666666666666666666666666666666666666666666666666666666666666666666666661
166666666666666666666666666666666666666666666666666666666666666666666666666666666666666666666661
166666666666666666666666666666666666666666666666666666666666666666666666666666666666666666666661
166666666666666666666666666666666666666666666666666666666666666666666666666666666666666666666661
166666666666666666666666666666666666666666666666666666666666666666666666666666666666666666666661
111111111111111111111111111111111111111111111111111111111111111111111111111111111111111111111111